{
 "cells": [
  {
   "cell_type": "code",
   "execution_count": 1,
   "metadata": {},
   "outputs": [],
   "source": [
    "# Pandas and numpy for data manipulation\n",
    "import pandas as pd\n",
    "import numpy as np\n",
    "np.random.seed(42)\n",
    "# Matplotlib and seaborn for plotting\n",
    "import matplotlib.pyplot as plt\n",
    "%matplotlib inline\n",
    "\n",
    "import matplotlib\n",
    "matplotlib.rcParams['font.size'] = 16\n",
    "matplotlib.rcParams['figure.figsize'] = (9, 9)\n",
    "import matplotlib.gridspec as gridspec\n",
    "import matplotlib.pylab as pl\n",
    "\n",
    "import seaborn as sns\n",
    "\n",
    "from IPython.core.pylabtools import figsize\n",
    "\n",
    "# Scipy helper functions\n",
    "from scipy.stats import percentileofscore\n",
    "from scipy import stats\n",
    "# Standard ML Models for comparison\n",
    "from sklearn.linear_model import LinearRegression\n",
    "from sklearn.linear_model import ElasticNet\n",
    "from sklearn.ensemble import RandomForestRegressor\n",
    "from sklearn.ensemble import ExtraTreesRegressor\n",
    "from sklearn.ensemble import GradientBoostingRegressor\n",
    "from sklearn.svm import SVR\n",
    "\n",
    "# Splitting data into training/testing\n",
    "from sklearn.model_selection import train_test_split\n",
    "from sklearn.preprocessing import MinMaxScaler\n",
    "\n",
    "# Metrics\n",
    "from sklearn.metrics import mean_squared_error, mean_absolute_error, median_absolute_error\n",
    "\n",
    "# Distributions\n",
    "import scipy\n",
    "import warnings\n",
    "warnings.filterwarnings('ignore')\n",
    "\n",
    "# PyMC3 for Bayesian Inference\n",
    "import pymc3 as pm"
   ]
  },
  {
   "cell_type": "code",
   "execution_count": 2,
   "metadata": {},
   "outputs": [],
   "source": [
    "raw_df = pd.read_csv('student/student-mat.csv', delimiter=';')\n",
    "raw_df2 = pd.read_csv('student/student-por.csv', delimiter=';')"
   ]
  },
  {
   "cell_type": "code",
   "execution_count": 3,
   "metadata": {},
   "outputs": [],
   "source": [
    "frames = [raw_df,raw_df2]"
   ]
  },
  {
   "cell_type": "code",
   "execution_count": 4,
   "metadata": {},
   "outputs": [],
   "source": [
    "df = pd.concat(frames)"
   ]
  },
  {
   "cell_type": "code",
   "execution_count": 5,
   "metadata": {},
   "outputs": [],
   "source": [
    "df.to_csv('combined_raw.csv')"
   ]
  },
  {
   "cell_type": "code",
   "execution_count": 10,
   "metadata": {
    "scrolled": true
   },
   "outputs": [
    {
     "data": {
      "text/html": [
       "<div>\n",
       "<style scoped>\n",
       "    .dataframe tbody tr th:only-of-type {\n",
       "        vertical-align: middle;\n",
       "    }\n",
       "\n",
       "    .dataframe tbody tr th {\n",
       "        vertical-align: top;\n",
       "    }\n",
       "\n",
       "    .dataframe thead th {\n",
       "        text-align: right;\n",
       "    }\n",
       "</style>\n",
       "<table border=\"1\" class=\"dataframe\">\n",
       "  <thead>\n",
       "    <tr style=\"text-align: right;\">\n",
       "      <th></th>\n",
       "      <th>school</th>\n",
       "      <th>sex</th>\n",
       "      <th>age</th>\n",
       "      <th>address</th>\n",
       "      <th>famsize</th>\n",
       "      <th>Pstatus</th>\n",
       "      <th>Medu</th>\n",
       "      <th>Fedu</th>\n",
       "      <th>Mjob</th>\n",
       "      <th>Fjob</th>\n",
       "      <th>...</th>\n",
       "      <th>famrel</th>\n",
       "      <th>freetime</th>\n",
       "      <th>goout</th>\n",
       "      <th>Dalc</th>\n",
       "      <th>Walc</th>\n",
       "      <th>health</th>\n",
       "      <th>absences</th>\n",
       "      <th>G1</th>\n",
       "      <th>G2</th>\n",
       "      <th>G3</th>\n",
       "    </tr>\n",
       "  </thead>\n",
       "  <tbody>\n",
       "    <tr>\n",
       "      <th>0</th>\n",
       "      <td>GP</td>\n",
       "      <td>F</td>\n",
       "      <td>18</td>\n",
       "      <td>U</td>\n",
       "      <td>GT3</td>\n",
       "      <td>A</td>\n",
       "      <td>4</td>\n",
       "      <td>4</td>\n",
       "      <td>at_home</td>\n",
       "      <td>teacher</td>\n",
       "      <td>...</td>\n",
       "      <td>4</td>\n",
       "      <td>3</td>\n",
       "      <td>4</td>\n",
       "      <td>1</td>\n",
       "      <td>1</td>\n",
       "      <td>3</td>\n",
       "      <td>6</td>\n",
       "      <td>5</td>\n",
       "      <td>6</td>\n",
       "      <td>6</td>\n",
       "    </tr>\n",
       "    <tr>\n",
       "      <th>1</th>\n",
       "      <td>GP</td>\n",
       "      <td>F</td>\n",
       "      <td>17</td>\n",
       "      <td>U</td>\n",
       "      <td>GT3</td>\n",
       "      <td>T</td>\n",
       "      <td>1</td>\n",
       "      <td>1</td>\n",
       "      <td>at_home</td>\n",
       "      <td>other</td>\n",
       "      <td>...</td>\n",
       "      <td>5</td>\n",
       "      <td>3</td>\n",
       "      <td>3</td>\n",
       "      <td>1</td>\n",
       "      <td>1</td>\n",
       "      <td>3</td>\n",
       "      <td>4</td>\n",
       "      <td>5</td>\n",
       "      <td>5</td>\n",
       "      <td>6</td>\n",
       "    </tr>\n",
       "    <tr>\n",
       "      <th>2</th>\n",
       "      <td>GP</td>\n",
       "      <td>F</td>\n",
       "      <td>15</td>\n",
       "      <td>U</td>\n",
       "      <td>LE3</td>\n",
       "      <td>T</td>\n",
       "      <td>1</td>\n",
       "      <td>1</td>\n",
       "      <td>at_home</td>\n",
       "      <td>other</td>\n",
       "      <td>...</td>\n",
       "      <td>4</td>\n",
       "      <td>3</td>\n",
       "      <td>2</td>\n",
       "      <td>2</td>\n",
       "      <td>3</td>\n",
       "      <td>3</td>\n",
       "      <td>10</td>\n",
       "      <td>7</td>\n",
       "      <td>8</td>\n",
       "      <td>10</td>\n",
       "    </tr>\n",
       "    <tr>\n",
       "      <th>3</th>\n",
       "      <td>GP</td>\n",
       "      <td>F</td>\n",
       "      <td>15</td>\n",
       "      <td>U</td>\n",
       "      <td>GT3</td>\n",
       "      <td>T</td>\n",
       "      <td>4</td>\n",
       "      <td>2</td>\n",
       "      <td>health</td>\n",
       "      <td>services</td>\n",
       "      <td>...</td>\n",
       "      <td>3</td>\n",
       "      <td>2</td>\n",
       "      <td>2</td>\n",
       "      <td>1</td>\n",
       "      <td>1</td>\n",
       "      <td>5</td>\n",
       "      <td>2</td>\n",
       "      <td>15</td>\n",
       "      <td>14</td>\n",
       "      <td>15</td>\n",
       "    </tr>\n",
       "    <tr>\n",
       "      <th>4</th>\n",
       "      <td>GP</td>\n",
       "      <td>F</td>\n",
       "      <td>16</td>\n",
       "      <td>U</td>\n",
       "      <td>GT3</td>\n",
       "      <td>T</td>\n",
       "      <td>3</td>\n",
       "      <td>3</td>\n",
       "      <td>other</td>\n",
       "      <td>other</td>\n",
       "      <td>...</td>\n",
       "      <td>4</td>\n",
       "      <td>3</td>\n",
       "      <td>2</td>\n",
       "      <td>1</td>\n",
       "      <td>2</td>\n",
       "      <td>5</td>\n",
       "      <td>4</td>\n",
       "      <td>6</td>\n",
       "      <td>10</td>\n",
       "      <td>10</td>\n",
       "    </tr>\n",
       "  </tbody>\n",
       "</table>\n",
       "<p>5 rows × 33 columns</p>\n",
       "</div>"
      ],
      "text/plain": [
       "  school sex  age address famsize Pstatus  Medu  Fedu     Mjob      Fjob  ...  \\\n",
       "0     GP   F   18       U     GT3       A     4     4  at_home   teacher  ...   \n",
       "1     GP   F   17       U     GT3       T     1     1  at_home     other  ...   \n",
       "2     GP   F   15       U     LE3       T     1     1  at_home     other  ...   \n",
       "3     GP   F   15       U     GT3       T     4     2   health  services  ...   \n",
       "4     GP   F   16       U     GT3       T     3     3    other     other  ...   \n",
       "\n",
       "  famrel freetime  goout  Dalc  Walc health absences  G1  G2  G3  \n",
       "0      4        3      4     1     1      3        6   5   6   6  \n",
       "1      5        3      3     1     1      3        4   5   5   6  \n",
       "2      4        3      2     2     3      3       10   7   8  10  \n",
       "3      3        2      2     1     1      5        2  15  14  15  \n",
       "4      4        3      2     1     2      5        4   6  10  10  \n",
       "\n",
       "[5 rows x 33 columns]"
      ]
     },
     "execution_count": 10,
     "metadata": {},
     "output_type": "execute_result"
    }
   ],
   "source": [
    "df.head()"
   ]
  },
  {
   "cell_type": "code",
   "execution_count": 58,
   "metadata": {},
   "outputs": [
    {
     "data": {
      "text/plain": [
       "10    153\n",
       "11    151\n",
       "13    113\n",
       "12    103\n",
       "14     90\n",
       "15     82\n",
       "8      67\n",
       "9      63\n",
       "0      53\n",
       "16     52\n",
       "17     35\n",
       "18     27\n",
       "7      19\n",
       "6      18\n",
       "5       8\n",
       "19      7\n",
       "4       1\n",
       "1       1\n",
       "20      1\n",
       "Name: G3, dtype: int64"
      ]
     },
     "execution_count": 58,
     "metadata": {},
     "output_type": "execute_result"
    }
   ],
   "source": [
    "df.G3.value_counts()"
   ]
  },
  {
   "cell_type": "code",
   "execution_count": 59,
   "metadata": {},
   "outputs": [],
   "source": [
    "#drop students witch final grade of 0\n",
    "df = df[~df.G3.isin([0,1])]"
   ]
  },
  {
   "cell_type": "code",
   "execution_count": 60,
   "metadata": {},
   "outputs": [
    {
     "data": {
      "text/plain": [
       "(990, 33)"
      ]
     },
     "execution_count": 60,
     "metadata": {},
     "output_type": "execute_result"
    }
   ],
   "source": [
    "df.shape"
   ]
  },
  {
   "cell_type": "code",
   "execution_count": 61,
   "metadata": {},
   "outputs": [],
   "source": [
    "df = df.rename(columns={'G3': 'Grade'})"
   ]
  },
  {
   "cell_type": "code",
   "execution_count": 5,
   "metadata": {},
   "outputs": [
    {
     "data": {
      "text/html": [
       "<div>\n",
       "<style scoped>\n",
       "    .dataframe tbody tr th:only-of-type {\n",
       "        vertical-align: middle;\n",
       "    }\n",
       "\n",
       "    .dataframe tbody tr th {\n",
       "        vertical-align: top;\n",
       "    }\n",
       "\n",
       "    .dataframe thead th {\n",
       "        text-align: right;\n",
       "    }\n",
       "</style>\n",
       "<table border=\"1\" class=\"dataframe\">\n",
       "  <thead>\n",
       "    <tr style=\"text-align: right;\">\n",
       "      <th></th>\n",
       "      <th>age</th>\n",
       "      <th>Medu</th>\n",
       "      <th>Fedu</th>\n",
       "      <th>traveltime</th>\n",
       "      <th>studytime</th>\n",
       "      <th>failures</th>\n",
       "      <th>famrel</th>\n",
       "      <th>freetime</th>\n",
       "      <th>goout</th>\n",
       "      <th>Dalc</th>\n",
       "      <th>Walc</th>\n",
       "      <th>health</th>\n",
       "      <th>absences</th>\n",
       "      <th>G1</th>\n",
       "      <th>G2</th>\n",
       "      <th>Grade</th>\n",
       "    </tr>\n",
       "  </thead>\n",
       "  <tbody>\n",
       "    <tr>\n",
       "      <th>age</th>\n",
       "      <td>1.608488</td>\n",
       "      <td>-0.194245</td>\n",
       "      <td>-0.190492</td>\n",
       "      <td>0.092862</td>\n",
       "      <td>0.000472</td>\n",
       "      <td>0.231517</td>\n",
       "      <td>0.074403</td>\n",
       "      <td>0.003706</td>\n",
       "      <td>0.177132</td>\n",
       "      <td>0.165683</td>\n",
       "      <td>0.198470</td>\n",
       "      <td>-0.088401</td>\n",
       "      <td>2.238575</td>\n",
       "      <td>-0.126192</td>\n",
       "      <td>-0.631739</td>\n",
       "      <td>-0.574639</td>\n",
       "    </tr>\n",
       "    <tr>\n",
       "      <th>Medu</th>\n",
       "      <td>-0.194245</td>\n",
       "      <td>1.196834</td>\n",
       "      <td>0.721556</td>\n",
       "      <td>-0.133455</td>\n",
       "      <td>0.050751</td>\n",
       "      <td>-0.157768</td>\n",
       "      <td>-0.006381</td>\n",
       "      <td>0.019647</td>\n",
       "      <td>0.093137</td>\n",
       "      <td>0.006161</td>\n",
       "      <td>-0.069863</td>\n",
       "      <td>-0.067195</td>\n",
       "      <td>0.680074</td>\n",
       "      <td>0.611321</td>\n",
       "      <td>0.699926</td>\n",
       "      <td>0.672017</td>\n",
       "    </tr>\n",
       "    <tr>\n",
       "      <th>Fedu</th>\n",
       "      <td>-0.190492</td>\n",
       "      <td>0.721556</td>\n",
       "      <td>1.175526</td>\n",
       "      <td>-0.137971</td>\n",
       "      <td>-0.025824</td>\n",
       "      <td>-0.190964</td>\n",
       "      <td>-0.009159</td>\n",
       "      <td>-0.025470</td>\n",
       "      <td>0.050231</td>\n",
       "      <td>-0.018766</td>\n",
       "      <td>-0.026556</td>\n",
       "      <td>0.013880</td>\n",
       "      <td>0.079431</td>\n",
       "      <td>0.571806</td>\n",
       "      <td>0.609787</td>\n",
       "      <td>0.555778</td>\n",
       "    </tr>\n",
       "    <tr>\n",
       "      <th>traveltime</th>\n",
       "      <td>0.092862</td>\n",
       "      <td>-0.133455</td>\n",
       "      <td>-0.137971</td>\n",
       "      <td>0.470698</td>\n",
       "      <td>-0.054693</td>\n",
       "      <td>0.059429</td>\n",
       "      <td>-0.014320</td>\n",
       "      <td>-0.005508</td>\n",
       "      <td>0.027814</td>\n",
       "      <td>0.097323</td>\n",
       "      <td>0.123871</td>\n",
       "      <td>0.001267</td>\n",
       "      <td>0.025997</td>\n",
       "      <td>-0.192168</td>\n",
       "      <td>-0.236561</td>\n",
       "      <td>-0.220974</td>\n",
       "    </tr>\n",
       "    <tr>\n",
       "      <th>studytime</th>\n",
       "      <td>0.000472</td>\n",
       "      <td>0.050751</td>\n",
       "      <td>-0.025824</td>\n",
       "      <td>-0.054693</td>\n",
       "      <td>0.692050</td>\n",
       "      <td>-0.073246</td>\n",
       "      <td>0.038405</td>\n",
       "      <td>-0.128364</td>\n",
       "      <td>-0.043457</td>\n",
       "      <td>-0.152913</td>\n",
       "      <td>-0.266736</td>\n",
       "      <td>-0.084931</td>\n",
       "      <td>-0.507719</td>\n",
       "      <td>0.379119</td>\n",
       "      <td>0.313545</td>\n",
       "      <td>0.340289</td>\n",
       "    </tr>\n",
       "    <tr>\n",
       "      <th>failures</th>\n",
       "      <td>0.231517</td>\n",
       "      <td>-0.157768</td>\n",
       "      <td>-0.190964</td>\n",
       "      <td>0.059429</td>\n",
       "      <td>-0.073246</td>\n",
       "      <td>0.451248</td>\n",
       "      <td>-0.004642</td>\n",
       "      <td>0.070477</td>\n",
       "      <td>0.094074</td>\n",
       "      <td>0.103673</td>\n",
       "      <td>0.151512</td>\n",
       "      <td>0.044228</td>\n",
       "      <td>0.815441</td>\n",
       "      <td>-0.657539</td>\n",
       "      <td>-0.637019</td>\n",
       "      <td>-0.637105</td>\n",
       "    </tr>\n",
       "    <tr>\n",
       "      <th>famrel</th>\n",
       "      <td>0.074403</td>\n",
       "      <td>-0.006381</td>\n",
       "      <td>-0.009159</td>\n",
       "      <td>-0.014320</td>\n",
       "      <td>0.038405</td>\n",
       "      <td>-0.004642</td>\n",
       "      <td>0.784503</td>\n",
       "      <td>0.120629</td>\n",
       "      <td>0.029687</td>\n",
       "      <td>-0.064796</td>\n",
       "      <td>-0.145257</td>\n",
       "      <td>0.134226</td>\n",
       "      <td>-0.421167</td>\n",
       "      <td>0.028940</td>\n",
       "      <td>-0.014785</td>\n",
       "      <td>0.107812</td>\n",
       "    </tr>\n",
       "    <tr>\n",
       "      <th>freetime</th>\n",
       "      <td>0.003706</td>\n",
       "      <td>0.019647</td>\n",
       "      <td>-0.025470</td>\n",
       "      <td>-0.005508</td>\n",
       "      <td>-0.128364</td>\n",
       "      <td>0.070477</td>\n",
       "      <td>0.120629</td>\n",
       "      <td>1.023337</td>\n",
       "      <td>0.312844</td>\n",
       "      <td>0.194859</td>\n",
       "      <td>0.173913</td>\n",
       "      <td>0.122714</td>\n",
       "      <td>-0.583861</td>\n",
       "      <td>0.017798</td>\n",
       "      <td>-0.049303</td>\n",
       "      <td>-0.070492</td>\n",
       "    </tr>\n",
       "    <tr>\n",
       "      <th>goout</th>\n",
       "      <td>0.177132</td>\n",
       "      <td>0.093137</td>\n",
       "      <td>0.050231</td>\n",
       "      <td>0.027814</td>\n",
       "      <td>-0.043457</td>\n",
       "      <td>0.094074</td>\n",
       "      <td>0.029687</td>\n",
       "      <td>0.312844</td>\n",
       "      <td>1.189800</td>\n",
       "      <td>0.282716</td>\n",
       "      <td>0.627616</td>\n",
       "      <td>-0.014651</td>\n",
       "      <td>0.505398</td>\n",
       "      <td>-0.532056</td>\n",
       "      <td>-0.532441</td>\n",
       "      <td>-0.624532</td>\n",
       "    </tr>\n",
       "    <tr>\n",
       "      <th>Dalc</th>\n",
       "      <td>0.165683</td>\n",
       "      <td>0.006161</td>\n",
       "      <td>-0.018766</td>\n",
       "      <td>0.097323</td>\n",
       "      <td>-0.152913</td>\n",
       "      <td>0.103673</td>\n",
       "      <td>-0.064796</td>\n",
       "      <td>0.194859</td>\n",
       "      <td>0.282716</td>\n",
       "      <td>0.846190</td>\n",
       "      <td>0.768247</td>\n",
       "      <td>0.114673</td>\n",
       "      <td>0.789255</td>\n",
       "      <td>-0.383698</td>\n",
       "      <td>-0.369276</td>\n",
       "      <td>-0.417737</td>\n",
       "    </tr>\n",
       "    <tr>\n",
       "      <th>Walc</th>\n",
       "      <td>0.198470</td>\n",
       "      <td>-0.069863</td>\n",
       "      <td>-0.026556</td>\n",
       "      <td>0.123871</td>\n",
       "      <td>-0.266736</td>\n",
       "      <td>0.151512</td>\n",
       "      <td>-0.145257</td>\n",
       "      <td>0.173913</td>\n",
       "      <td>0.627616</td>\n",
       "      <td>0.768247</td>\n",
       "      <td>1.676958</td>\n",
       "      <td>0.202853</td>\n",
       "      <td>1.305196</td>\n",
       "      <td>-0.740818</td>\n",
       "      <td>-0.719967</td>\n",
       "      <td>-0.794409</td>\n",
       "    </tr>\n",
       "    <tr>\n",
       "      <th>health</th>\n",
       "      <td>-0.088401</td>\n",
       "      <td>-0.067195</td>\n",
       "      <td>0.013880</td>\n",
       "      <td>0.001267</td>\n",
       "      <td>-0.084931</td>\n",
       "      <td>0.044228</td>\n",
       "      <td>0.134226</td>\n",
       "      <td>0.122714</td>\n",
       "      <td>-0.014651</td>\n",
       "      <td>0.114673</td>\n",
       "      <td>0.202853</td>\n",
       "      <td>1.967394</td>\n",
       "      <td>-0.334380</td>\n",
       "      <td>-0.327826</td>\n",
       "      <td>-0.264816</td>\n",
       "      <td>-0.369850</td>\n",
       "    </tr>\n",
       "    <tr>\n",
       "      <th>absences</th>\n",
       "      <td>2.238575</td>\n",
       "      <td>0.680074</td>\n",
       "      <td>0.079431</td>\n",
       "      <td>0.025997</td>\n",
       "      <td>-0.507719</td>\n",
       "      <td>0.815441</td>\n",
       "      <td>-0.421167</td>\n",
       "      <td>-0.583861</td>\n",
       "      <td>0.505398</td>\n",
       "      <td>0.789255</td>\n",
       "      <td>1.305196</td>\n",
       "      <td>-0.334380</td>\n",
       "      <td>67.037170</td>\n",
       "      <td>-3.192097</td>\n",
       "      <td>-5.141897</td>\n",
       "      <td>-5.632558</td>\n",
       "    </tr>\n",
       "    <tr>\n",
       "      <th>G1</th>\n",
       "      <td>-0.126192</td>\n",
       "      <td>0.611321</td>\n",
       "      <td>0.571806</td>\n",
       "      <td>-0.192168</td>\n",
       "      <td>0.379119</td>\n",
       "      <td>-0.657539</td>\n",
       "      <td>0.028940</td>\n",
       "      <td>0.017798</td>\n",
       "      <td>-0.532056</td>\n",
       "      <td>-0.383698</td>\n",
       "      <td>-0.740818</td>\n",
       "      <td>-0.327826</td>\n",
       "      <td>-3.192097</td>\n",
       "      <td>10.500519</td>\n",
       "      <td>9.198258</td>\n",
       "      <td>9.327849</td>\n",
       "    </tr>\n",
       "    <tr>\n",
       "      <th>G2</th>\n",
       "      <td>-0.631739</td>\n",
       "      <td>0.699926</td>\n",
       "      <td>0.609787</td>\n",
       "      <td>-0.236561</td>\n",
       "      <td>0.313545</td>\n",
       "      <td>-0.637019</td>\n",
       "      <td>-0.014785</td>\n",
       "      <td>-0.049303</td>\n",
       "      <td>-0.532441</td>\n",
       "      <td>-0.369276</td>\n",
       "      <td>-0.719967</td>\n",
       "      <td>-0.264816</td>\n",
       "      <td>-5.141897</td>\n",
       "      <td>9.198258</td>\n",
       "      <td>9.904793</td>\n",
       "      <td>9.808855</td>\n",
       "    </tr>\n",
       "    <tr>\n",
       "      <th>Grade</th>\n",
       "      <td>-0.574639</td>\n",
       "      <td>0.672017</td>\n",
       "      <td>0.555778</td>\n",
       "      <td>-0.220974</td>\n",
       "      <td>0.340289</td>\n",
       "      <td>-0.637105</td>\n",
       "      <td>0.107812</td>\n",
       "      <td>-0.070492</td>\n",
       "      <td>-0.624532</td>\n",
       "      <td>-0.417737</td>\n",
       "      <td>-0.794409</td>\n",
       "      <td>-0.369850</td>\n",
       "      <td>-5.632558</td>\n",
       "      <td>9.327849</td>\n",
       "      <td>9.808855</td>\n",
       "      <td>10.418673</td>\n",
       "    </tr>\n",
       "  </tbody>\n",
       "</table>\n",
       "</div>"
      ],
      "text/plain": [
       "                 age      Medu      Fedu  traveltime  studytime  failures  \\\n",
       "age         1.608488 -0.194245 -0.190492    0.092862   0.000472  0.231517   \n",
       "Medu       -0.194245  1.196834  0.721556   -0.133455   0.050751 -0.157768   \n",
       "Fedu       -0.190492  0.721556  1.175526   -0.137971  -0.025824 -0.190964   \n",
       "traveltime  0.092862 -0.133455 -0.137971    0.470698  -0.054693  0.059429   \n",
       "studytime   0.000472  0.050751 -0.025824   -0.054693   0.692050 -0.073246   \n",
       "failures    0.231517 -0.157768 -0.190964    0.059429  -0.073246  0.451248   \n",
       "famrel      0.074403 -0.006381 -0.009159   -0.014320   0.038405 -0.004642   \n",
       "freetime    0.003706  0.019647 -0.025470   -0.005508  -0.128364  0.070477   \n",
       "goout       0.177132  0.093137  0.050231    0.027814  -0.043457  0.094074   \n",
       "Dalc        0.165683  0.006161 -0.018766    0.097323  -0.152913  0.103673   \n",
       "Walc        0.198470 -0.069863 -0.026556    0.123871  -0.266736  0.151512   \n",
       "health     -0.088401 -0.067195  0.013880    0.001267  -0.084931  0.044228   \n",
       "absences    2.238575  0.680074  0.079431    0.025997  -0.507719  0.815441   \n",
       "G1         -0.126192  0.611321  0.571806   -0.192168   0.379119 -0.657539   \n",
       "G2         -0.631739  0.699926  0.609787   -0.236561   0.313545 -0.637019   \n",
       "Grade      -0.574639  0.672017  0.555778   -0.220974   0.340289 -0.637105   \n",
       "\n",
       "              famrel  freetime     goout      Dalc      Walc    health  \\\n",
       "age         0.074403  0.003706  0.177132  0.165683  0.198470 -0.088401   \n",
       "Medu       -0.006381  0.019647  0.093137  0.006161 -0.069863 -0.067195   \n",
       "Fedu       -0.009159 -0.025470  0.050231 -0.018766 -0.026556  0.013880   \n",
       "traveltime -0.014320 -0.005508  0.027814  0.097323  0.123871  0.001267   \n",
       "studytime   0.038405 -0.128364 -0.043457 -0.152913 -0.266736 -0.084931   \n",
       "failures   -0.004642  0.070477  0.094074  0.103673  0.151512  0.044228   \n",
       "famrel      0.784503  0.120629  0.029687 -0.064796 -0.145257  0.134226   \n",
       "freetime    0.120629  1.023337  0.312844  0.194859  0.173913  0.122714   \n",
       "goout       0.029687  0.312844  1.189800  0.282716  0.627616 -0.014651   \n",
       "Dalc       -0.064796  0.194859  0.282716  0.846190  0.768247  0.114673   \n",
       "Walc       -0.145257  0.173913  0.627616  0.768247  1.676958  0.202853   \n",
       "health      0.134226  0.122714 -0.014651  0.114673  0.202853  1.967394   \n",
       "absences   -0.421167 -0.583861  0.505398  0.789255  1.305196 -0.334380   \n",
       "G1          0.028940  0.017798 -0.532056 -0.383698 -0.740818 -0.327826   \n",
       "G2         -0.014785 -0.049303 -0.532441 -0.369276 -0.719967 -0.264816   \n",
       "Grade       0.107812 -0.070492 -0.624532 -0.417737 -0.794409 -0.369850   \n",
       "\n",
       "             absences         G1        G2      Grade  \n",
       "age          2.238575  -0.126192 -0.631739  -0.574639  \n",
       "Medu         0.680074   0.611321  0.699926   0.672017  \n",
       "Fedu         0.079431   0.571806  0.609787   0.555778  \n",
       "traveltime   0.025997  -0.192168 -0.236561  -0.220974  \n",
       "studytime   -0.507719   0.379119  0.313545   0.340289  \n",
       "failures     0.815441  -0.657539 -0.637019  -0.637105  \n",
       "famrel      -0.421167   0.028940 -0.014785   0.107812  \n",
       "freetime    -0.583861   0.017798 -0.049303  -0.070492  \n",
       "goout        0.505398  -0.532056 -0.532441  -0.624532  \n",
       "Dalc         0.789255  -0.383698 -0.369276  -0.417737  \n",
       "Walc         1.305196  -0.740818 -0.719967  -0.794409  \n",
       "health      -0.334380  -0.327826 -0.264816  -0.369850  \n",
       "absences    67.037170  -3.192097 -5.141897  -5.632558  \n",
       "G1          -3.192097  10.500519  9.198258   9.327849  \n",
       "G2          -5.141897   9.198258  9.904793   9.808855  \n",
       "Grade       -5.632558   9.327849  9.808855  10.418673  "
      ]
     },
     "execution_count": 5,
     "metadata": {},
     "output_type": "execute_result"
    }
   ],
   "source": [
    "# https://en.wikipedia.org/wiki/Covariance_matrix\n",
    "df.cov()"
   ]
  },
  {
   "cell_type": "markdown",
   "metadata": {},
   "source": [
    "\"Pandas dataframe.corr() is used to find the pairwise correlation of all columns in the dataframe. Any na values are automatically excluded. For any non-numeric data type columns in the dataframe it is ignored.\"-Shubham__Ranjan https://www.geeksforgeeks.org/python-pandas-dataframe-corr/"
   ]
  },
  {
   "cell_type": "code",
   "execution_count": 6,
   "metadata": {
    "scrolled": true
   },
   "outputs": [
    {
     "data": {
      "text/html": [
       "<div>\n",
       "<style scoped>\n",
       "    .dataframe tbody tr th:only-of-type {\n",
       "        vertical-align: middle;\n",
       "    }\n",
       "\n",
       "    .dataframe tbody tr th {\n",
       "        vertical-align: top;\n",
       "    }\n",
       "\n",
       "    .dataframe thead th {\n",
       "        text-align: right;\n",
       "    }\n",
       "</style>\n",
       "<table border=\"1\" class=\"dataframe\">\n",
       "  <thead>\n",
       "    <tr style=\"text-align: right;\">\n",
       "      <th></th>\n",
       "      <th>age</th>\n",
       "      <th>Medu</th>\n",
       "      <th>Fedu</th>\n",
       "      <th>traveltime</th>\n",
       "      <th>studytime</th>\n",
       "      <th>failures</th>\n",
       "      <th>famrel</th>\n",
       "      <th>freetime</th>\n",
       "      <th>goout</th>\n",
       "      <th>Dalc</th>\n",
       "      <th>Walc</th>\n",
       "      <th>health</th>\n",
       "      <th>absences</th>\n",
       "      <th>G1</th>\n",
       "      <th>G2</th>\n",
       "      <th>Grade</th>\n",
       "    </tr>\n",
       "  </thead>\n",
       "  <tbody>\n",
       "    <tr>\n",
       "      <th>age</th>\n",
       "      <td>1.000000</td>\n",
       "      <td>-0.139999</td>\n",
       "      <td>-0.138532</td>\n",
       "      <td>0.106723</td>\n",
       "      <td>0.000447</td>\n",
       "      <td>0.271748</td>\n",
       "      <td>0.066234</td>\n",
       "      <td>0.002889</td>\n",
       "      <td>0.128041</td>\n",
       "      <td>0.142015</td>\n",
       "      <td>0.120844</td>\n",
       "      <td>-0.049694</td>\n",
       "      <td>0.215578</td>\n",
       "      <td>-0.030706</td>\n",
       "      <td>-0.158273</td>\n",
       "      <td>-0.140372</td>\n",
       "    </tr>\n",
       "    <tr>\n",
       "      <th>Medu</th>\n",
       "      <td>-0.139999</td>\n",
       "      <td>1.000000</td>\n",
       "      <td>0.608327</td>\n",
       "      <td>-0.177805</td>\n",
       "      <td>0.055764</td>\n",
       "      <td>-0.214681</td>\n",
       "      <td>-0.006585</td>\n",
       "      <td>0.017753</td>\n",
       "      <td>0.078049</td>\n",
       "      <td>0.006122</td>\n",
       "      <td>-0.049314</td>\n",
       "      <td>-0.043790</td>\n",
       "      <td>0.075924</td>\n",
       "      <td>0.172444</td>\n",
       "      <td>0.203288</td>\n",
       "      <td>0.190308</td>\n",
       "    </tr>\n",
       "    <tr>\n",
       "      <th>Fedu</th>\n",
       "      <td>-0.138532</td>\n",
       "      <td>0.608327</td>\n",
       "      <td>1.000000</td>\n",
       "      <td>-0.185481</td>\n",
       "      <td>-0.028631</td>\n",
       "      <td>-0.262197</td>\n",
       "      <td>-0.009537</td>\n",
       "      <td>-0.023222</td>\n",
       "      <td>0.042474</td>\n",
       "      <td>-0.018816</td>\n",
       "      <td>-0.018914</td>\n",
       "      <td>0.009127</td>\n",
       "      <td>0.008948</td>\n",
       "      <td>0.162752</td>\n",
       "      <td>0.178706</td>\n",
       "      <td>0.158811</td>\n",
       "    </tr>\n",
       "    <tr>\n",
       "      <th>traveltime</th>\n",
       "      <td>0.106723</td>\n",
       "      <td>-0.177805</td>\n",
       "      <td>-0.185481</td>\n",
       "      <td>1.000000</td>\n",
       "      <td>-0.095827</td>\n",
       "      <td>0.128950</td>\n",
       "      <td>-0.023566</td>\n",
       "      <td>-0.007936</td>\n",
       "      <td>0.037167</td>\n",
       "      <td>0.154209</td>\n",
       "      <td>0.139424</td>\n",
       "      <td>0.001316</td>\n",
       "      <td>0.004628</td>\n",
       "      <td>-0.086438</td>\n",
       "      <td>-0.109559</td>\n",
       "      <td>-0.099785</td>\n",
       "    </tr>\n",
       "    <tr>\n",
       "      <th>studytime</th>\n",
       "      <td>0.000447</td>\n",
       "      <td>0.055764</td>\n",
       "      <td>-0.028631</td>\n",
       "      <td>-0.095827</td>\n",
       "      <td>1.000000</td>\n",
       "      <td>-0.131072</td>\n",
       "      <td>0.052122</td>\n",
       "      <td>-0.152533</td>\n",
       "      <td>-0.047891</td>\n",
       "      <td>-0.199821</td>\n",
       "      <td>-0.247601</td>\n",
       "      <td>-0.072786</td>\n",
       "      <td>-0.074541</td>\n",
       "      <td>0.140638</td>\n",
       "      <td>0.119759</td>\n",
       "      <td>0.126728</td>\n",
       "    </tr>\n",
       "    <tr>\n",
       "      <th>failures</th>\n",
       "      <td>0.271748</td>\n",
       "      <td>-0.214681</td>\n",
       "      <td>-0.262197</td>\n",
       "      <td>0.128950</td>\n",
       "      <td>-0.131072</td>\n",
       "      <td>1.000000</td>\n",
       "      <td>-0.007802</td>\n",
       "      <td>0.103712</td>\n",
       "      <td>0.128388</td>\n",
       "      <td>0.167774</td>\n",
       "      <td>0.174172</td>\n",
       "      <td>0.046940</td>\n",
       "      <td>0.148261</td>\n",
       "      <td>-0.302071</td>\n",
       "      <td>-0.301316</td>\n",
       "      <td>-0.293831</td>\n",
       "    </tr>\n",
       "    <tr>\n",
       "      <th>famrel</th>\n",
       "      <td>0.066234</td>\n",
       "      <td>-0.006585</td>\n",
       "      <td>-0.009537</td>\n",
       "      <td>-0.023566</td>\n",
       "      <td>0.052122</td>\n",
       "      <td>-0.007802</td>\n",
       "      <td>1.000000</td>\n",
       "      <td>0.134631</td>\n",
       "      <td>0.030728</td>\n",
       "      <td>-0.079527</td>\n",
       "      <td>-0.126642</td>\n",
       "      <td>0.108042</td>\n",
       "      <td>-0.058076</td>\n",
       "      <td>0.010083</td>\n",
       "      <td>-0.005304</td>\n",
       "      <td>0.037711</td>\n",
       "    </tr>\n",
       "    <tr>\n",
       "      <th>freetime</th>\n",
       "      <td>0.002889</td>\n",
       "      <td>0.017753</td>\n",
       "      <td>-0.023222</td>\n",
       "      <td>-0.007936</td>\n",
       "      <td>-0.152533</td>\n",
       "      <td>0.103712</td>\n",
       "      <td>0.134631</td>\n",
       "      <td>1.000000</td>\n",
       "      <td>0.283519</td>\n",
       "      <td>0.209400</td>\n",
       "      <td>0.132759</td>\n",
       "      <td>0.086485</td>\n",
       "      <td>-0.070492</td>\n",
       "      <td>0.005429</td>\n",
       "      <td>-0.015486</td>\n",
       "      <td>-0.021589</td>\n",
       "    </tr>\n",
       "    <tr>\n",
       "      <th>goout</th>\n",
       "      <td>0.128041</td>\n",
       "      <td>0.078049</td>\n",
       "      <td>0.042474</td>\n",
       "      <td>0.037167</td>\n",
       "      <td>-0.047891</td>\n",
       "      <td>0.128388</td>\n",
       "      <td>0.030728</td>\n",
       "      <td>0.283519</td>\n",
       "      <td>1.000000</td>\n",
       "      <td>0.281761</td>\n",
       "      <td>0.444320</td>\n",
       "      <td>-0.009576</td>\n",
       "      <td>0.056590</td>\n",
       "      <td>-0.150527</td>\n",
       "      <td>-0.155100</td>\n",
       "      <td>-0.177383</td>\n",
       "    </tr>\n",
       "    <tr>\n",
       "      <th>Dalc</th>\n",
       "      <td>0.142015</td>\n",
       "      <td>0.006122</td>\n",
       "      <td>-0.018816</td>\n",
       "      <td>0.154209</td>\n",
       "      <td>-0.199821</td>\n",
       "      <td>0.167774</td>\n",
       "      <td>-0.079527</td>\n",
       "      <td>0.209400</td>\n",
       "      <td>0.281761</td>\n",
       "      <td>1.000000</td>\n",
       "      <td>0.644920</td>\n",
       "      <td>0.088875</td>\n",
       "      <td>0.104791</td>\n",
       "      <td>-0.128721</td>\n",
       "      <td>-0.127554</td>\n",
       "      <td>-0.140690</td>\n",
       "    </tr>\n",
       "    <tr>\n",
       "      <th>Walc</th>\n",
       "      <td>0.120844</td>\n",
       "      <td>-0.049314</td>\n",
       "      <td>-0.018914</td>\n",
       "      <td>0.139424</td>\n",
       "      <td>-0.247601</td>\n",
       "      <td>0.174172</td>\n",
       "      <td>-0.126642</td>\n",
       "      <td>0.132759</td>\n",
       "      <td>0.444320</td>\n",
       "      <td>0.644920</td>\n",
       "      <td>1.000000</td>\n",
       "      <td>0.111680</td>\n",
       "      <td>0.123100</td>\n",
       "      <td>-0.176541</td>\n",
       "      <td>-0.176656</td>\n",
       "      <td>-0.190054</td>\n",
       "    </tr>\n",
       "    <tr>\n",
       "      <th>health</th>\n",
       "      <td>-0.049694</td>\n",
       "      <td>-0.043790</td>\n",
       "      <td>0.009127</td>\n",
       "      <td>0.001316</td>\n",
       "      <td>-0.072786</td>\n",
       "      <td>0.046940</td>\n",
       "      <td>0.108042</td>\n",
       "      <td>0.086485</td>\n",
       "      <td>-0.009576</td>\n",
       "      <td>0.088875</td>\n",
       "      <td>0.111680</td>\n",
       "      <td>1.000000</td>\n",
       "      <td>-0.029116</td>\n",
       "      <td>-0.072126</td>\n",
       "      <td>-0.059990</td>\n",
       "      <td>-0.081691</td>\n",
       "    </tr>\n",
       "    <tr>\n",
       "      <th>absences</th>\n",
       "      <td>0.215578</td>\n",
       "      <td>0.075924</td>\n",
       "      <td>0.008948</td>\n",
       "      <td>0.004628</td>\n",
       "      <td>-0.074541</td>\n",
       "      <td>0.148261</td>\n",
       "      <td>-0.058076</td>\n",
       "      <td>-0.070492</td>\n",
       "      <td>0.056590</td>\n",
       "      <td>0.104791</td>\n",
       "      <td>0.123100</td>\n",
       "      <td>-0.029116</td>\n",
       "      <td>1.000000</td>\n",
       "      <td>-0.120313</td>\n",
       "      <td>-0.199546</td>\n",
       "      <td>-0.213129</td>\n",
       "    </tr>\n",
       "    <tr>\n",
       "      <th>G1</th>\n",
       "      <td>-0.030706</td>\n",
       "      <td>0.172444</td>\n",
       "      <td>0.162752</td>\n",
       "      <td>-0.086438</td>\n",
       "      <td>0.140638</td>\n",
       "      <td>-0.302071</td>\n",
       "      <td>0.010083</td>\n",
       "      <td>0.005429</td>\n",
       "      <td>-0.150527</td>\n",
       "      <td>-0.128721</td>\n",
       "      <td>-0.176541</td>\n",
       "      <td>-0.072126</td>\n",
       "      <td>-0.120313</td>\n",
       "      <td>1.000000</td>\n",
       "      <td>0.901940</td>\n",
       "      <td>0.891805</td>\n",
       "    </tr>\n",
       "    <tr>\n",
       "      <th>G2</th>\n",
       "      <td>-0.158273</td>\n",
       "      <td>0.203288</td>\n",
       "      <td>0.178706</td>\n",
       "      <td>-0.109559</td>\n",
       "      <td>0.119759</td>\n",
       "      <td>-0.301316</td>\n",
       "      <td>-0.005304</td>\n",
       "      <td>-0.015486</td>\n",
       "      <td>-0.155100</td>\n",
       "      <td>-0.127554</td>\n",
       "      <td>-0.176656</td>\n",
       "      <td>-0.059990</td>\n",
       "      <td>-0.199546</td>\n",
       "      <td>0.901940</td>\n",
       "      <td>1.000000</td>\n",
       "      <td>0.965583</td>\n",
       "    </tr>\n",
       "    <tr>\n",
       "      <th>Grade</th>\n",
       "      <td>-0.140372</td>\n",
       "      <td>0.190308</td>\n",
       "      <td>0.158811</td>\n",
       "      <td>-0.099785</td>\n",
       "      <td>0.126728</td>\n",
       "      <td>-0.293831</td>\n",
       "      <td>0.037711</td>\n",
       "      <td>-0.021589</td>\n",
       "      <td>-0.177383</td>\n",
       "      <td>-0.140690</td>\n",
       "      <td>-0.190054</td>\n",
       "      <td>-0.081691</td>\n",
       "      <td>-0.213129</td>\n",
       "      <td>0.891805</td>\n",
       "      <td>0.965583</td>\n",
       "      <td>1.000000</td>\n",
       "    </tr>\n",
       "  </tbody>\n",
       "</table>\n",
       "</div>"
      ],
      "text/plain": [
       "                 age      Medu      Fedu  traveltime  studytime  failures  \\\n",
       "age         1.000000 -0.139999 -0.138532    0.106723   0.000447  0.271748   \n",
       "Medu       -0.139999  1.000000  0.608327   -0.177805   0.055764 -0.214681   \n",
       "Fedu       -0.138532  0.608327  1.000000   -0.185481  -0.028631 -0.262197   \n",
       "traveltime  0.106723 -0.177805 -0.185481    1.000000  -0.095827  0.128950   \n",
       "studytime   0.000447  0.055764 -0.028631   -0.095827   1.000000 -0.131072   \n",
       "failures    0.271748 -0.214681 -0.262197    0.128950  -0.131072  1.000000   \n",
       "famrel      0.066234 -0.006585 -0.009537   -0.023566   0.052122 -0.007802   \n",
       "freetime    0.002889  0.017753 -0.023222   -0.007936  -0.152533  0.103712   \n",
       "goout       0.128041  0.078049  0.042474    0.037167  -0.047891  0.128388   \n",
       "Dalc        0.142015  0.006122 -0.018816    0.154209  -0.199821  0.167774   \n",
       "Walc        0.120844 -0.049314 -0.018914    0.139424  -0.247601  0.174172   \n",
       "health     -0.049694 -0.043790  0.009127    0.001316  -0.072786  0.046940   \n",
